$ANSIBLE_VAULT;1.1;AES256
35346439373333633463656162643831616434356462373463623532366233643263623561303933
3032613937343862653764343935383465643862316437660a303164353765366435373263653362
31316330646364383363333862326465613238373162393433633134323234356131653232376533
6237366434656264310a643331616433623866613466316335646339393664646132653462613138
38313961653132346539396362336630346565363434366135633161383136383234366631623766
38363432393733333135653866316364326236383633346431656635616631333635336334383463
61333638663637353332613065663638323361366238326632306337646134636235303565313766
32343561323063623838363332323364353264313663313130313832643633396532353730613966
35616336396661623633613837643063653266396464353030326635633531623166663736343361
62313031633639303438366535646233303436646435353336653064333461653564383236396132
34313936666336636166663739303761336133323061333665636431373435313339303263656430
33393766366631616561356133313435616632333661316166373564633863663137313436663830
61636563613430336530653664353131356435356630646134383763333862663064316431313032
35653733343565326235353536323035326461363464333565343463373330303439363637366166
36343235303363306163633830323834363966373432393665313062313561643039396366313737
65353263363433633130313161316235383737376631623931663162346366663532636635363938
61613933643838393031366563613134663863353764623164326262653362653166333536346433
30383433366366636462353338623131373139663933616463643236393065376163396630626633
34333031343034356466303233333139656330306535353837366238306532633630316338646436
61613030353463326639306538313962313765333035636361653662346332636266396161313135
30356565343633616364353830313665643265353866303163323063663032643638333465363336
66333863323261386330623638386532666230386339656364653530666438623135353036396466
38373034326230396630376335613535656236326263313264656465393032663034343738393434
64663762366266343962
